Gerado apartir da tabela allData após uma noite de processamento:

0.29790445338424276,5.012170689884488e-05,-0.10346548082696443,0.0399715491162492,0.31971370266543336,0.011488959217921228,-0.11873243247046712,0.6877726520495702,0.9426445540468273,0.025030891565034144,-0.3733821289590714,-0.019070327143925356,-0.0304516735147091,0.0006300655399052679,0.3460700674473868
0.299902528708141,-4.122944445103837e-05,-0.10213024923690667,0.035011495487542364,0.3306076503538927,0.10804384009507194,-0.11912207583606585,0.6873287073581423,0.9384363778110009,0.011541009372954724,-0.37109379075136356,-0.014134826046318908,-0.09500481476247573,0.0006300655399052679,0.34607312764876436
0.29916627187972267,-4.122944445103837e-05,-0.10785018647335996,0.035415736493068,0.33066938467601015,0.022721678960077863,-0.09241048876685853,0.6874075833351845,0.9422309372308229,0.015720872385911376,-0.37109379075136356,-0.019070327143925356,-0.07808457762812435,0.0008596143552240243,0.34615473504849875



Gerado apartr da tabela mestre:

0.22351041101990365,-2.9432423844148654e-05,0.20306461279511334,-0.812493418549827,-0.18396826724227738,0.10847679526843351,-0.6986668927258164,0.7690905212944814,1.3645578491376071,0.02671841738773264,0.07859179907708963,-0.06802557857779859,0.1775264777093632,0.0010278503183136565,-0.006441346922253442,0.05211153630680404
0.22351041101990365,-2.9432423844148654e-05,0.20306461279511334,-0.812493418549827,-0.18396826724227738,0.10847679526843351,-0.6986668927258164,0.7690905212944814,1.3645578491376071,0.02671841738773264,0.07859179907708963,-0.06802557857779859,0.1775264777093632,0.0010278503183136565,-0.006441346922253442,0.05211153630680404
0.22351041101990365,-2.9432423844148654e-05,0.20306461279511334,-0.812493418549827,-0.18396826724227738,0.10847679526843351,-0.6986668927258164,0.7690905212944814,1.3645578491376071,0.02671841738773264,0.07859179907708963,-0.06802557857779859,0.1775264777093632,0.0010278503183136565,-0.006441346922253442,0.05211153630680404



Gerado por mias tempo=>
0.22298430569989194,7.127407955262823e-05,0.20590309475655946,-0.8269983641999813,-0.012471664579639236,0.09782389374324156,-0.6347453555961549,0.7917939989509468,1.4188853055859962,-0.08701515725780955,0.07836195549902526,-0.0729109750672775,0.17055330253879622,-0.0007729837519729732,-0.000862789054068217,0.5620634882453259


Com comentários=
# Accuracy: 97.9% | Errors: 2.1% | MAE: 0.037 | Std Dev: 0.037
0.1738440989950975,-3.548368170232935e-05,-0.008163115300765592,-0.7796264630375389,-0.1716563663815034,0.1151845702374288,-0.7080724381377776,0.8132675753082058,1.306298982285568,0.02874228581110161,0.06532899363409551,-0.2183154008614338,0.1744936451884914,0.00122327276289268,-0.006826728558266017,0.0521180213565742
# Accuracy: 97.9% | Errors: 2.1% | MAE: 0.037 | Std Dev: 0.037
0.1738440989950975,-3.548368170232935e-05,-0.008163115300765592,-0.7796264630375389,-0.1716563663815034,0.1151845702374288,-0.7080724381377776,0.8132675753082058,1.306298982285568,0.02874228581110161,0.06532899363409551,-0.2183154008614338,0.1744936451884914,0.00122327276289268,-0.006826728558266017,0.0521180213565742
# Accuracy: 97.9% | Errors: 2.1% | MAE: 0.037 | Std Dev: 0.037
0.1738440989950975,-3.548368170232935e-05,-0.008163115300765592,-0.7796264630375389,-0.1716563663815034,0.1151845702374288,-0.7080724381377776,0.8132675753082058,1.306298982285568,0.02874228581110161,0.06532899363409551,-0.2183154008614338,0.1744936451884914,0.00122327276289268,-0.006826728558266017,0.0521180213565742


Quase 100% será que vai funcionar?
# Acc: 99.6% | MAE: 0.0073 | σ: 0.0170
0.4602481416916979,-4.439072312326792e-05,0.2785562234962871,-0.1268627057505347,-0.2919647560483747,-0.1916275239936989,-0.05389413655417954,0.5318817102512446,0.7914088716927826,0.0206058857313412,0.06192933790647526,-0.2431865133359314,0.03833125609210051,0.000367523417870259,0.0009770332820424202,0.01847824685558687
# Acc: 99.6% | MAE: 0.0073 | σ: 0.0170
0.4602481416916979,-4.439072312326792e-05,0.2785562234962871,-0.1268627057505347,-0.2919647560483747,-0.1916275239936989,-0.05389413655417954,0.5318817102512446,0.7914088716927826,0.0206058857313412,0.06192933790647526,-0.2431865133359314,0.03833125609210051,0.000367523417870259,0.0009770332820424202,0.01847824685558687
# Acc: 99.6% | MAE: 0.0073 | σ: 0.0170
0.4602481416916979,-4.439072312326792e-05,0.2785562234962871,-0.1268627057505347,-0.2919647560483747,-0.1916275239936989,-0.05389413655417954,0.5318817102512446,0.7914088716927826,0.0206058857313412,0.06192933790647526,-0.2431865133359314,0.03833125609210051,0.000367523417870259,0.0009770332820424202,0.01847824685558687